0 2.0000095386848677 1.9999817787516496 -1.8729519979387987e-07 0.9979457460758813 0.02480052402468822 0.05298053339302835 -0.026137674418897878 
1 3.999965980897941 3.989075396880816 0.20906190206397035 0.9952103632082187 0.07706849200949788 0.0542060866131711 -0.026066296526970904 
2 6.000029947508019 5.945302133377127 0.6248579126701195 0.9897468538049645 0.12912478503847455 0.05528296281686863 -0.02592347095441289 
3 7.9999758020292795 7.84746595983273 1.242935817430423 0.9815709012349952 0.18082801144349042 0.05620839309364354 -0.02570958284424104 
4 10.000005172437175 9.674497578654814 2.056425947197061 0.9707046408794962 0.23203492863983075 0.05697979296131796 -0.02542525229829552 
5 12.000032206586202 11.40663901047528 3.0563664070658803 0.9571771738827639 0.2826064563723961 0.05759497176414944 -0.025071183442829853 
6 13.999970606732651 13.024631323954754 4.231916218227251 0.941026328408999 0.33240256177852356 0.05805226295867949 -0.024648428577755187 
7 16.000043678692506 14.510922626029677 5.570234357851682 0.922296765468624 0.3812882961613965 0.058350424915626226 -0.024158146538382566 
8 17.99998019681459 15.849165707319901 7.056511508443549 0.9010387445276389 0.4291294753254245 0.058488734817657415 -0.02360161452803124 
9 19.999986869616812 17.024688484723214 8.674547116345266 0.8773112594224824 0.47579296740156785 0.05846674655534083 -0.022980415837706557 
