0 2.011840442770282 1.97960922810987 0.018338067102488864 0.9979980469538081 0.02690049643827734 0.04885253853330344 -0.02983357049838118 
1 4.003963364947858 3.9768321448763087 0.22464241334279755 0.9951427161588706 0.07915700372276 0.050271159800788175 -0.02997301684625189 
2 5.9980735320347325 5.93975794372221 0.6374385341408733 0.9895594453821245 0.13119611043869414 0.05155189029303494 -0.030030303373627082 
3 7.994009257176679 7.8472211151769535 1.2521288794741174 0.981264243921558 0.18287647442632943 0.052691401458386126 -0.030005277039897763 
4 9.992015343759867 9.67820168338914 2.061695737000969 0.9702795773815373 0.23405491427208694 0.05368651917316775 -0.029898031706545782 
5 11.99202543938458 11.413004047864346 3.057040814655176 0.9566348683725121 0.2845924258919899 0.05453444816467867 -0.029708787908056217 
6 13.99395470562484 13.032444651387229 4.227190328449108 0.9403682696189557 0.33434907152720833 0.05523287470320698 -0.029438143738788326 
7 15.99800308583046 14.519062260161661 5.559179891124817 0.9215247557738213 0.38319001289503063 0.055779897628000605 -0.029086850859933438 
8 18.003853867172836 15.856611527658954 7.038089435351797 0.9001548997871117 0.4309811840616113 0.0561741187099514 -0.02865579888515431 
9 20.01164866762493 17.030534115188566 8.647615442524502 0.8763180063855613 0.47758959132268386 0.05641438088162973 -0.028146220684172742 
