0 10 10 10 0.999315 0.026168 0.026168 -0.000685233
1 12.0027 11.9973 9.99986 0.996576 0.0784322 0.0260963 -0.00205382
2 14.0164 13.9726 10.2076 0.991105 0.130481 0.025953 -0.00341678
3 16.0407 15.9045 10.6199 0.982918 0.182173 0.0257386 -0.00477037
4 18.0755 17.7716 11.231 0.972037 0.233365 0.0254537 -0.00611089
5 20.1203 19.5537 12.033 0.958491 0.283918 0.025099 -0.00743465
6 22.1745 21.231 13.0161 0.942318 0.333692 0.0246755 -0.00873804
7 24.2377 22.7853 14.1684 0.923563 0.382552 0.0241843 -0.0100175
8 26.3089 24.1995 15.476 0.902276 0.430364 0.0236269 -0.0112695
9 28.3875 25.4581 16.9235 0.878516 0.476995 0.0230048 -0.0124906
